son,Son
mother's brother,not found
father-in-law,ayr_'sy_leigh
nephew,nephew
stepdaughter,not found
older brother,not found
father,Jee
niece,not found
daughter-in-law,ben_chleuin
granddaughter,aa-oe
mother's sister,not found
sister,Sister
daughter,Daughter
son-in-law,cleuin
grandson,aa-oe
brother,braar
grandfather,shaner
father's sister,not found
mother,mother
stepfather,The_Stepfather
